Some((
    red: 0.0627451,
    green: 0.10196079,
    blue: 0.1254902,
    alpha: 1.0,
))